3(1)-X-27(2)-28(2)-56(2)-30(2)-X-23(2)-X-20(2)-X-9(2)-22(2)-59(2)-X-1(3)
26(1)-89(1)-99(2)-125(2)-186(3)-190(1)-254(0)-X-165(0)-X-78(3)-72(1)-196(1)-222(0)-65(2)-16(3)
25(1)-206(0)-X-216(1)-223(2)-153(3)-158(1)-170(0)-159(3)-162(1)-189(1)-146(0)-111(3)-113(1)-X-43(3)
13(1)-201(2)-133(2)-X-119(3)-X-255(0)-104(3)-X-124(0)-X-64(1)-62(0)-211(0)-92(2)-47(3)
X-188(3)-66(3)-94(1)-155(0)-115(3)-123(1)-132(2)-96(0)-129(2)-253(3)-252(0)-86(2)-214(0)-198(0)-34(3)
39(1)-227(1)-156(2)-242(3)-81(3)-73(1)-237(2)-218(3)-75(2)-228(1)-183(2)-177(3)-178(1)-X-191(2)-44(3)
X-149(3)-154(1)-251(3)-108(3)-121(1)-194(1)-246(0)-69(3)-93(1)-203(2)-X-161(1)-61(3)-71(1)-53(3)
14(1)-221(2)-136(0)-90(0)-171(2)-229(3)-225(1)-180(0)-164(2)-97(0)-238(1)-145(2)-199(1)-X-195(1)-X
45(1)-249(3)-X-77(2)-239(1)-244(0)-179(3)-139(0)-219(3)-63(2)-128(1)-210(2)-236(3)-200(3)-X-24(3)
12(1)-232(0)-118(2)-233(1)-208(3)-70(3)-91(1)-152(2)-241(3)-103(2)-131(1)-150(3)-157(1)-X-151(1)-X
41(1)-168(0)-212(0)-87(3)-74(1)-79(3)-84(1)-67(0)-126(1)-205(0)-217(1)-169(0)-187(3)-76(3)-100(1)-60(3)
29(1)-138(1)-106(0)-95(0)-110(0)-243(2)-240(2)-88(0)-250(2)-192(2)-247(1)-175(2)-234(2)-X-80(3)-49(3)
35(1)-X-105(2)-82(2)-134(2)-163(0)-X-85(2)-102(3)-120(1)-256(1)-182(3)-181(3)-68(2)-X-55(3)
X-166(2)-193(1)-X-231(2)-X-160(3)-144(1)-X-220(1)-197(3)-127(3)-X-224(0)-245(1)-X
42(1)-248(1)-176(0)-226(3)-116(0)-209(0)-X-141(3)-142(1)-X-122(1)-143(0)-101(3)-114(1)-X-19(3)
2(0)-X-52(0)-10(0)-X-38(0)-57(0)-7(0)-8(0)-54(0)-48(0)-37(0)-6(0)-21(0)-X-4(3)